mode |   affinity | dist from best mode
     | (kcal/mol) | rmsd l.b.| rmsd u.b.
-----+------------+----------+----------
   1      -9.3105     0.0000     0.0000
   2      -8.7990     2.3411     5.0701
   3      -8.4887     2.3367     7.9211
   4      -8.2907     2.2050     5.4665
   5      -8.1754     1.8569     2.4095
   6      -8.0501     2.3404     5.3743
   7      -7.8477     2.3693     7.6763
   8      -7.6856     3.3442     9.0811
   9      -7.4774    14.1435    16.9215
  10      -7.4742     1.8235     2.3445